152.21 168.19 152.08 157.15 138.74 143.03 190 166.05 148.75 173.98
52.96 106.01 57.94 87.33 93.06 120.33 96.18 85.3 70.99 100.14
166.1 177.79 148.75 193.68 179.9 164.29 193.74 194.19 160.71 179.93
218.15 219.22 211.44 213.02 193.5 209.21 193.87 196.03 211.73 209.99
306.87 280.96 270.41 306.6 283.64 277.82 308.18 275.64 284.53 287.03
302.78 315.19 272.05 309.73 292.65 293.01 307.79 317.25 306.04 287.51
287.86 303.89 298.51 302.74 273.91 268.64 290.2 269.76 305.62 282.63
282.4 311.12 265.03 286.18 261.45 279.33 296.23 285.61 279.18 260.8
245.52 250.83 210.58 255.64 227.44 223.6 246.24 201.5 271.06 218.36
214.14 263.46 272.13 256.39 260.28 221.39 235.09 229.32 264.98 235.53
165.74 196.97 200.14 192.97 190.93 160.15 189.2 176.66 218.24 184.88
169.05 186.23 197.94 206.23 187.43 188.79 215.21 176.65 238.42 164.56
180.33 211.03 195.72 205.87 173.99 145.15 212.54 167.61 213.78 191.86
75.64 140.44 120.56 135.45 125.64 125.33 122.99 96.16 117.69 112.47
197.64 220.44 199.7 230.73 221.95 180.98 212.59 202.76 211.88 193.08
236.23 265.87 258.41 257.04 232.01 233.33 214.98 209.41 250.71 238.15
321.18 327.49 309.49 348.79 314.5 297.57 330.62 285.12 328.05 312.68
322.19 356.81 308.95 346.43 320.48 317.74 323.72 326.75 350.56 317.61
287.35 336.1 329.97 341.13 299.85 301.68 315.25 276.99 341.66 296.01
290.47 343.22 297.05 325.17 308.9 308.06 319.58 286.37 311.46 270.56
260.09 274.39 246.99 300.49 265.78 242.45 268.15 217.52 307.25 228.17
228.49 282.96 293.24 297.87 284.14 245.65 251.9 235.75 297.35 245.04
178.05 221.35 214.47 231.29 223.2 198.99 217.85 189.29 245.75 183.04
180.91 222.38 217.17 241.97 217.56 212.47 229.5 193.04 257.33 157.12
202.24 237.99 219.08 237.84 203.01 177.98 225.51 186.92 227.49 181.83
99.88 172.22 127.81 171.82 147.2 147.5 128.02 114.62 140.43 101.67
222.51 237.46 210.55 268.33 252.71 199.53 218.9 213.97 230.55 190.11
248.51 267.77 261.89 311.49 264.23 254.86 223.65 238.45 274.1 219.84
339.09 328.13 322.67 381.63 347.96 308.97 327.16 312.46 358.5 296.22
343.27 364.2 323.91 387.7 357.81 323.76 331 347.99 384.06 308.61
306.49 347.51 342.89 373.92 344.05 299.49 324.01 297.28 374.74 287.25
320.41 357.43 307.11 348.95 344.33 319.46 331.53 307.05 344.35 263.64
293.88 296.59 243.78 317.9 293.96 258.55 281.76 226.99 346.04 231.81
246.31 307.08 295.69 316.22 321.89 264.39 269.27 253.77 338.19 246.93
197.39 239.73 208.96 245.72 256.07 206.15 230.74 193.24 285.03 202.81
192.58 234.86 220.79 251.26 250.1 223.19 243.99 206.52 297.06 177.1
209.92 255.33 222.18 268.79 237.79 191.78 248.73 191.58 258.6 200.34
110.67 203.06 138.45 192.12 187.63 166.94 158.67 133.77 170.2 125.11
229.66 276.86 229.16 281.89 280.96 219.97 244.95 236.14 254.95 217.1
256.24 309.19 281.56 316.96 300.19 270.65 259.74 242.76 299.7 248.81
349.15 374.13 341.49 385.68 379.47 317.97 359.04 326.67 380.03 321.78
340.21 406.2 339.51 394.36 385.95 341.74 352.05 375.43 404.49 324.6
314.34 381.95 374.59 372.39 367.54 320.8 337.2 311.64 397.95 304.11
317.46 391.02 338.91 359.55 368.92 335.61 345.27 331.03 378.43 277.38
301.77 331.31 288.15 327.21 332.63 262.4 298.59 245.18 371.84 256.59
267.46 340.73 342.07 329.96 352.3 269.33 278.58 284.39 363.49 268.84
222.45 271.5 252.4 255.67 267.92 221.92 243.44 221.2 313.44 215.07
218.24 269.51 253.49 270.26 260.66 227.46 256.75 238.28 325.67 190.05
229.34 291.78 260.61 282.98 266.71 191.54 250.68 229.59 295.39 232.69
136.26 237.7 160.03 208.83 201.79 176.31 157.39 167.4 206.62 144.28
258.86 297.16 260.33 312.88 305 207.3 243.91 268.77 299.95 252.43
292.88 328.69 303.46 338.46 304.82 276.47 260.12 275.64 346.7 264.02
388.42 402.55 360.98 417.67 388.47 328.3 368.57 346.63 423.54 344.95
385.8 444.7 364.68 421.99 395.57 337.86 378.09 392.56 456.15 361.37
369.37 416.57 402.75 402.38 371.54 325 367.81 345.09 454.5 348.35
372.57 416.57 361.64 397.64 369.53 338.97 364.24 374.01 432.79 322.37
361.34 363.28 307.09 373.9 330.81 283.79 325.55 290.67 429.91 296.4
317.86 379.48 366.47 362.73 350.92 285.07 300.22 313.13 428.43 308.08
264.71 308.72 274.46 307.47 277.56 244.72 265.16 252.44 376.32 241.29
269.99 308.22 280.94 313.75 260.39 255.63 277.05 271.9 390.95 224.43
266.46 324.61 295.56 321.26 265.31 209.88 284.13 260.99 365.5 256.82
171.91 270.17 191.84 238.07 198.72 192.95 197.57 190.4 283.2 178.66
305.14 336.01 289.69 354.56 297.94 247.54 278.97 284.88 379.07 282.39
324.03 363.92 325.53 386.36 304.03 309.44 291.44 307.39 440.05 298.29
419.23 439.37 397.4 442.43 389.91 363.95 391.05 377.73 514.2 384.97
401.6 471.54 394.71 455.27 387.05 364.4 396.71 424.46 545.33 383.52
378.25 451.23 433.03 446.07 371.48 354.83 381.65 378.34 534.48 372.85
375.35 453.47 384.57 433.91 374.15 368.93 377.6 397.25 510.49 345.39
355.58 404.38 344.89 403.07 321.41 304.9 339.08 314.02 503.06 323.58
316.35 410.2 390.09 392.85 340.36 309.99 321.3 327.43 494.71 334.16
274.1 351.4 311.97 331.39 259.61 266.7 281.35 270.51 441.24 282.18
277.41 341.7 319.6 334.56 244.87 277.41 285.18 273.63 463.09 252.59
273.76 368.96 325.91 356.89 252.23 243.56 294.59 280.62 436.55 284.23
169.86 323.65 219.38 287.97 184.98 226.84 192.95 215 338.93 205.85
313.47 400.11 313.08 398.22 293.57 269.79 274.92 306.24 439.94 299.71
341.94 436.24 351.09 423.02 278.7 343.54 283.51 330.83 483.24 321.52
435.8 496.07 425.18 474.29 382.79 397.58 393.21 415.94 567.56 408.18
419.24 540.09 417.72 497 383.98 404.98 396.1 454.64 596.79 413.2
412.77 521.97 449.12 489.65 368.55 382.15 375.59 413.86 591.09 406.78
404.11 524.89 409.02 474.23 358.61 392.43 366.1 438.13 573.61 380.08
401.93 481.78 348.36 441.29 313 332.18 332.24 351.54 566.48 356.1
361.18 492.25 405.2 433.13 339.88 332.47 296.63 372.77 563.02 374.24
314.03 426.33 334.01 367.95 276.72 277.63 266.57 317.22 515.5 311.02
339.11 416.99 335.41 385.89 273.57 290.95 278.05 331.23 535.23 294.64
339.17 458.05 347.28 394.7 262.57 244 295.81 327.75 515.18 325.5
236.04 408.79 247.05 334.6 205.78 229.95 193.57 251.58 418.82 242.15
372.02 480.43 351.98 426.72 312.34 276.09 284.07 337.61 522.26 344.53
405.78 521.56 390.72 461.42 312.61 335.81 295.86 371.21 572.81 363.6
506.23 587.69 449.54 510.43 402.98 394.81 397.6 439.11 664.41 450.83
508.54 634.89 460.79 524.88 405.25 395.75 403.67 484.3 684.6 452.92
491.92 615.62 499.48 507.74 398.84 380.72 385.44 437.1 672.38 452.1
489.41 606.03 447.75 499.26 394.54 399.49 388.56 467.57 650.75 410.06
477.56 554.52 398.54 463.73 341.49 341.54 337.57 387.14 639.47 392.39
424.38 565.46 455.87 459.69 366.57 331.16 317.19 406.78 631.52 401.91
389.43 497.2 382.56 394.4 293.01 291.88 289.03 360.57 581.67 328.85
401.43 492.35 386.92 408.58 279 310.56 290.49 366.88 589.66 316.68
398.86 524.89 405.36 414.97 283.82 266.82 313.95 366.42 565.29 358
309.99 458.9 311.76 341.35 212.51 240.74 212.91 303.21 466.57 268.9
418.49 532.48 416.07 440.64 322.27 296.65 306.17 392.19 564.64 362.48
456.68 571.9 464.88 474.82 309.79 358.28 314.32 411.72 617.84 382.36
562.59 628.79 524.77 536.81 406.79 423.4 417.88 477.43 701.33 469.64
554.5 669.64 514.03 546.42 406.3 425.07 436.83 526.2 711.74 467.82
546.76 650.57 547.33 543.25 383.41 407.77 414.98 464.85 702.34 467.51
530.37 643.78 523.48 517.37 387.34 416.14 409.6 496.46 679.15 444.76
510.45 595.11 459.62 475.76 333.69 356.29 375.12 401.28 669.17 414.53
477.57 595.33 516.05 470.03 350.27 347.21 339.82 424.97 653.57 433.8
423.71 531.51 438.77 409.75 272.2 304.73 317.14 376.86 613.94 366.69
432.91 519.56 437.71 428.49 266.54 320.4 317.2 384.4 625.02 353.18
432.78 545.02 446.07 434.18 258.84 280.97 338.29 381.4 597.34 392.24
339.95 485.29 354.51 362.25 186.49 260.86 230.06 301.33 516.85 289.74
447.46 559.59 450.9 454.93 286.84 314.98 323.02 403.25 601.64 392.65
493.82 587.64 508.15 483.1 281.39 363.33 319.26 417.39 664.06 407.46
606.43 647.16 571.92 543.68 377.05 434.42 430.8 505.58 741.61 497.7
585.46 671.06 576.27 557.91 380.06 430.56 451.61 549.53 758.23 486.22
582.61 668.19 615.03 548.32 358.53 412.34 431.22 497.72 745.71 484.54
570.93 651.57 574.44 525.74 363.38 419.58 427.69 520.06 717.85 454.84
560.48 588.31 511.94 493.82 303.31 359.66 388.16 428.08 714.55 444.82
519.48 600.87 568.45 482.05 323.66 360.33 356.4 452.04 701.1 452.04
472.71 538.17 496.83 418.35 258.58 318.76 326.2 393.52 663.55 405.55
480.69 522.3 488.71 425.72 235.86 333.45 327.69 406.86 687.92 379.16
